100
23 530
158 24965
291 84682
265 70226
126 15877
210 44101
257 66050
169 28562
237 56170
130 16901
151 22802
223 49730
282 79525
167 27890
125 15626
102 10405
119 14162
200 40001
134 17957
285 81226
233 54290
270 72901
103 10610
26 677
62 3845
63 3970
174 30277
201 40402
227 51530
144 20737
238 56645
58 3365
100 10001
277 76730
80 6401
272 73985
178 31685
105 11026
284 80657
196 38417
107 11450
29 842
115 13226
202 40805
168 28225
260 67601
41 1682
143 20450
28 785
288 82945
78 6085
236 55697
147 21610
45 2026
138 19045
43 1850
234 54757
128 16385
222 49285
5 26
52 2705
299 89402
145 21026
111 12322
182 33125
114 12997
219 47962
193 37250
96 9217
258 66565
290 84101
70 4901
263 69170
157 24650
91 8282
44 1937
274 75077
22 485
104 10817
273 74530
271 73442
213 45370
281 78962
243 59050
205 42026
224 50177
12 145
287 82370
259 67082
101 10202
249 62002
148 21905
297 88210
85 7226
207 42850
121 14642
150 22501
97 9410
21 442
32 1025
20
467
398
335
33
504
332
251
437
283
380
436
302
284
530
464
350
56
133
235
574
30
28
148
594
509
535
571
293
181
362
489
518
293
276
592
511
487
156
431
500
417
390
385
56
369
419
474
189
210
203
557
